u/lambda       |1                   x+1                 u+1                 
--------------------------------------------------------------------------
x+t            |2.351846e-16(0)     4.050039e-16(0)     2.310942e-16(0)   
x^2+t          |2.154996e-16(0)     2.310976e-16(0)     5.167499e-16(0)   
x+t^2          |5.671829e-03(0)     3.901705e-03(0)     1.892528e-03(3)   
x^3+t          |2.968100e-16(0)     9.095226e-04(0)     2.651496e-03(3)   
x^4+t          |1.369174e-03(0)     3.191395e-03(0)     7.994601e-03(4)   
e^x+sin(t)     |1.295557e-03(0)     1.056519e-03(0)     4.963308e-04(2)   


u/lambda       |1                   x+1                 u+1                 
--------------------------------------------------------------------------
x+t            |3.358408e-16(0)     3.396357e-16(0)     6.424214e-16(0)   
x^2+t          |5.702682e-16(0)     7.458702e-04(0)     8.326577e-04(3)   
x+t^2          |5.332214e-03(0)     3.844855e-03(0)     1.777657e-03(3)		
x^3+t          |2.547802e-16(0)     4.088549e-03(0)     1.287068e-02(5)   
x^4+t          |4.397014e-03(0)     1.373289e-02(0)     4.791759e-02(9)   
e^x+sin(t)     |1.336319e-03(0)     1.855198e-03(0)     1.308774e-03(3)   


u/lambda       |1                   x+1                 u+1                  
--------------------------------------------------------------------------
x+t            |8.100077e-16(0)     2.656506e-16(0)     1.153819e-15(0)   
x^2+t          |7.769949e-16(0)     1.669253e-16(0)     4.173132e-16(0)   
x+t^2          |7.878920e-03(0)     5.528211e-03(0)     2.742488e-03(10)  
x^3+t          |7.669234e-16(0)     9.095066e-04(0)     2.651494e-03(4)   
x^4+t          |1.369044e-03(0)     3.191339e-03(0)     7.994593e-03(4)   
e^x+sin(t)     |1.784932e-03(0)     1.419913e-03(0)     6.324458e-04(5)   


u/lambda       |1                   x+1                 u+1                  
--------------------------------------------------------------------------
x+t            |2.531495e-16(0)     3.396357e-16(0)     1.960888e-16(0)   
x^2+t          |2.273064e-16(0)     7.458573e-04(0)     8.326571e-04(3)   
x+t^2          |7.420321e-03(0)     5.451149e-03(0)     2.576695e-03(10)  
x^3+t          |1.507300e-16(0)     4.088479e-03(0)     1.287067e-02(5)   
x^4+t          |4.396621e-03(0)     1.373266e-02(0)     4.791742e-02(10)  
e^x+sin(t)     |1.792603e-03(0)     2.206650e-03(0)     1.439131e-03(6)   


