2 0
2.01824 0
2.0383 0
2.06037 0
2.08464 0
2.11134 0
2.14072 0
2.17302 0
2.20856 0
2.24766 0
2.29066 0
2.33797 0
2.39 0
2.44724 0
2.5102 0
2.57946 0
2.65564 0
2.73944 0
2.83163 0
2.93303 0
3 0
4 0
4.20859 0
4.44769 0
4.71069 0
5 0
2 0.024317
3 0.024317
4 0.024317
5 0.024317
2 0.0510657
3 0.0510657
4 0.0510657
5 0.0510657
2 0.0804892
3 0.0804892
4 0.0804892
5 0.0804892
2 0.112855
3 0.112855
4 0.112855
5 0.112855
2 0.148458
3 0.148458
4 0.148458
5 0.148458
2 0.18762
3 0.18762
4 0.18762
5 0.18762
2 0.230699
3 0.230699
4 0.230699
5 0.230699
2 0.278086
3 0.278086
4 0.278086
5 0.278086
2 0.330212
3 0.330212
4 0.330212
5 0.330212
2 0.38755
3 0.38755
4 0.38755
5 0.38755
2 0.450622
3 0.450622
4 0.450622
5 0.450622
2 0.520001
3 0.520001
4 0.520001
5 0.520001
2 0.596319
3 0.596319
4 0.596319
5 0.596319
2 0.680267
3 0.680267
4 0.680267
5 0.680267
2 0.772611
3 0.772611
4 0.772611
5 0.772611
2 0.874189
3 0.874189
4 0.874189
5 0.874189
2 0.985925
3 0.985925
4 0.985925
5 0.985925
2 1.10883
3 1.10883
4 1.10883
5 1.10883
2 1.24404
3 1.24404
4 1.24404
5 1.24404
2 1.39276
3 1.39276
4 1.39276
5 1.39276
2 1.55635
3 1.55635
4 1.55635
5 1.55635
2 1.7363
3 1.7363
4 1.7363
5 1.7363
2 1.93425
3 1.93425
4 1.93425
5 1.93425
2 2.15199
3 2.15199
4 2.15199
5 2.15199
2 2.3915
3 2.3915
4 2.3915
5 2.3915
2 2.65497
3 2.65497
4 2.65497
5 2.65497
2 2.94479
3 2.94479
4 2.94479
5 2.94479
2 3
3.04457 3
3.16726 3
3.30223 3
3.45069 3
3.61399 3
3.79363 3
3.99123 3
5 3
2 3.26358
5 3.26358
2 3.61426
5 3.61426
2 4
2.01824 4
2.0383 4
2.06037 4
2.08464 4
2.11134 4
2.14072 4
2.17302 4
2.20856 4
2.24766 4
2.29066 4
2.33797 4
2.39 4
2.44724 4
2.5102 4
2.57946 4
2.65564 4
2.73944 4
2.83163 4
2.93303 4
3 4
3.04457 4
3.16726 4
3.30223 4
3.45069 4
3.61399 4
3.79363 4
3.99123 4
4 4
4.20859 4
4.44769 4
4.71069 4
5 4
