14   6    7    0    0    0    0    0    0    0    

5    22   8    9    0    0    0    0    0    0    

6    5    21   5    5    0    0    0    0    0    

0    1    1    13   7    4    0    0    0    0    

0    0    4    7    20   6    3    0    0    0    

0    0    0    2    1    5    1    1    0    0    

0    0    0    0    3    1    14   8    2    0    

0    0    0    0    0    2    5    19   9    3    

0    0    0    0    0    0    2    2    6    2    

0    0    0    0    0    0    0    1    7    8    

