3.04457 0
3.16726 0
3.30223 0
3.45069 0
3.61399 0
3.79363 0
3.99123 0
3.04457 0.024317
3.16726 0.024317
3.30223 0.024317
3.45069 0.024317
3.61399 0.024317
3.79363 0.024317
3.99123 0.024317
3.04457 0.0510657
3.16726 0.0510657
3.30223 0.0510657
3.45069 0.0510657
3.61399 0.0510657
3.79363 0.0510657
3.99123 0.0510657
3.04457 0.0804892
3.16726 0.0804892
3.30223 0.0804892
3.45069 0.0804892
3.61399 0.0804892
3.79363 0.0804892
3.99123 0.0804892
3.04457 0.112855
3.16726 0.112855
3.30223 0.112855
3.45069 0.112855
3.61399 0.112855
3.79363 0.112855
3.99123 0.112855
3.04457 0.148458
3.16726 0.148458
3.30223 0.148458
3.45069 0.148458
3.61399 0.148458
3.79363 0.148458
3.99123 0.148458
3.04457 0.18762
3.16726 0.18762
3.30223 0.18762
3.45069 0.18762
3.61399 0.18762
3.79363 0.18762
3.99123 0.18762
3.04457 0.230699
3.16726 0.230699
3.30223 0.230699
3.45069 0.230699
3.61399 0.230699
3.79363 0.230699
3.99123 0.230699
3.04457 0.278086
3.16726 0.278086
3.30223 0.278086
3.45069 0.278086
3.61399 0.278086
3.79363 0.278086
3.99123 0.278086
3.04457 0.330212
3.16726 0.330212
3.30223 0.330212
3.45069 0.330212
3.61399 0.330212
3.79363 0.330212
3.99123 0.330212
3.04457 0.38755
3.16726 0.38755
3.30223 0.38755
3.45069 0.38755
3.61399 0.38755
3.79363 0.38755
3.99123 0.38755
3.04457 0.450622
3.16726 0.450622
3.30223 0.450622
3.45069 0.450622
3.61399 0.450622
3.79363 0.450622
3.99123 0.450622
3.04457 0.520001
3.16726 0.520001
3.30223 0.520001
3.45069 0.520001
3.61399 0.520001
3.79363 0.520001
3.99123 0.520001
3.04457 0.596319
3.16726 0.596319
3.30223 0.596319
3.45069 0.596319
3.61399 0.596319
3.79363 0.596319
3.99123 0.596319
3.04457 0.680267
3.16726 0.680267
3.30223 0.680267
3.45069 0.680267
3.61399 0.680267
3.79363 0.680267
3.99123 0.680267
3.04457 0.772611
3.16726 0.772611
3.30223 0.772611
3.45069 0.772611
3.61399 0.772611
3.79363 0.772611
3.99123 0.772611
3.04457 0.874189
3.16726 0.874189
3.30223 0.874189
3.45069 0.874189
3.61399 0.874189
3.79363 0.874189
3.99123 0.874189
3.04457 0.985925
3.16726 0.985925
3.30223 0.985925
3.45069 0.985925
3.61399 0.985925
3.79363 0.985925
3.99123 0.985925
3.04457 1.10883
3.16726 1.10883
3.30223 1.10883
3.45069 1.10883
3.61399 1.10883
3.79363 1.10883
3.99123 1.10883
3.04457 1.24404
3.16726 1.24404
3.30223 1.24404
3.45069 1.24404
3.61399 1.24404
3.79363 1.24404
3.99123 1.24404
3.04457 1.39276
3.16726 1.39276
3.30223 1.39276
3.45069 1.39276
3.61399 1.39276
3.79363 1.39276
3.99123 1.39276
3.04457 1.55635
3.16726 1.55635
3.30223 1.55635
3.45069 1.55635
3.61399 1.55635
3.79363 1.55635
3.99123 1.55635
3.04457 1.7363
3.16726 1.7363
3.30223 1.7363
3.45069 1.7363
3.61399 1.7363
3.79363 1.7363
3.99123 1.7363
3.04457 1.93425
3.16726 1.93425
3.30223 1.93425
3.45069 1.93425
3.61399 1.93425
3.79363 1.93425
3.99123 1.93425
3.04457 2.15199
3.16726 2.15199
3.30223 2.15199
3.45069 2.15199
3.61399 2.15199
3.79363 2.15199
3.99123 2.15199
3.04457 2.3915
3.16726 2.3915
3.30223 2.3915
3.45069 2.3915
3.61399 2.3915
3.79363 2.3915
3.99123 2.3915
3.04457 2.65497
3.16726 2.65497
3.30223 2.65497
3.45069 2.65497
3.61399 2.65497
3.79363 2.65497
3.99123 2.65497
3.04457 2.94479
3.16726 2.94479
3.30223 2.94479
3.45069 2.94479
3.61399 2.94479
3.79363 2.94479
3.99123 2.94479
