2 1.37258
12 1.37258
2 1.81967
12 1.81967
2 2.35618
12 2.35618
2 3
4.67751 3
5.21951 3
5.65312 3
8.78958 3
9.34228 3
9.72917 3
12 3
2 3.09385
4 3.09385
6 3.09385
8 3.09385
10 3.09385
12 3.09385
2 3.21586
4 3.21586
6 3.21586
8 3.21586
10 3.21586
12 3.21586
2 3.37448
4 3.37448
6 3.37448
8 3.37448
10 3.37448
12 3.37448
2 3.58067
4 3.58067
6 3.58067
8 3.58067
10 3.58067
12 3.58067
2 3.84873
4 3.84873
6 3.84873
8 3.84873
10 3.84873
12 3.84873
2 4.1972
4 4.1972
6 4.1972
8 4.1972
10 4.1972
12 4.1972
2 4.65022
4 4.65022
6 4.65022
8 4.65022
10 4.65022
12 4.65022
2 5.23913
4 5.23913
6 5.23913
8 5.23913
10 5.23913
12 5.23913
2 6.00473
4 6.00473
6 6.00473
8 6.00473
10 6.00473
12 6.00473
2 7
2.15166 7
2.37915 7
2.72038 7
3.23223 7
4 7
6 7
6.26876 7
6.59127 7
6.97828 7
7.4427 7
8 7
10 7
10.3276 7
10.6879 7
11.0843 7
11.5204 7
12 7
