2.01824 0.024317
2.0383 0.024317
2.06037 0.024317
2.08464 0.024317
2.11134 0.024317
2.14072 0.024317
2.17302 0.024317
2.20856 0.024317
2.24766 0.024317
2.29066 0.024317
2.33797 0.024317
2.39 0.024317
2.44724 0.024317
2.5102 0.024317
2.57946 0.024317
2.65564 0.024317
2.73944 0.024317
2.83163 0.024317
2.93303 0.024317
4.20859 0.024317
4.44769 0.024317
4.71069 0.024317
2.01824 0.0510657
2.0383 0.0510657
2.06037 0.0510657
2.08464 0.0510657
2.11134 0.0510657
2.14072 0.0510657
2.17302 0.0510657
2.20856 0.0510657
2.24766 0.0510657
2.29066 0.0510657
2.33797 0.0510657
2.39 0.0510657
2.44724 0.0510657
2.5102 0.0510657
2.57946 0.0510657
2.65564 0.0510657
2.73944 0.0510657
2.83163 0.0510657
2.93303 0.0510657
4.20859 0.0510657
4.44769 0.0510657
4.71069 0.0510657
2.01824 0.0804892
2.0383 0.0804892
2.06037 0.0804892
2.08464 0.0804892
2.11134 0.0804892
2.14072 0.0804892
2.17302 0.0804892
2.20856 0.0804892
2.24766 0.0804892
2.29066 0.0804892
2.33797 0.0804892
2.39 0.0804892
2.44724 0.0804892
2.5102 0.0804892
2.57946 0.0804892
2.65564 0.0804892
2.73944 0.0804892
2.83163 0.0804892
2.93303 0.0804892
4.20859 0.0804892
4.44769 0.0804892
4.71069 0.0804892
2.01824 0.112855
2.0383 0.112855
2.06037 0.112855
2.08464 0.112855
2.11134 0.112855
2.14072 0.112855
2.17302 0.112855
2.20856 0.112855
2.24766 0.112855
2.29066 0.112855
2.33797 0.112855
2.39 0.112855
2.44724 0.112855
2.5102 0.112855
2.57946 0.112855
2.65564 0.112855
2.73944 0.112855
2.83163 0.112855
2.93303 0.112855
4.20859 0.112855
4.44769 0.112855
4.71069 0.112855
2.01824 0.148458
2.0383 0.148458
2.06037 0.148458
2.08464 0.148458
2.11134 0.148458
2.14072 0.148458
2.17302 0.148458
2.20856 0.148458
2.24766 0.148458
2.29066 0.148458
2.33797 0.148458
2.39 0.148458
2.44724 0.148458
2.5102 0.148458
2.57946 0.148458
2.65564 0.148458
2.73944 0.148458
2.83163 0.148458
2.93303 0.148458
4.20859 0.148458
4.44769 0.148458
4.71069 0.148458
2.01824 0.18762
2.0383 0.18762
2.06037 0.18762
2.08464 0.18762
2.11134 0.18762
2.14072 0.18762
2.17302 0.18762
2.20856 0.18762
2.24766 0.18762
2.29066 0.18762
2.33797 0.18762
2.39 0.18762
2.44724 0.18762
2.5102 0.18762
2.57946 0.18762
2.65564 0.18762
2.73944 0.18762
2.83163 0.18762
2.93303 0.18762
4.20859 0.18762
4.44769 0.18762
4.71069 0.18762
2.01824 0.230699
2.0383 0.230699
2.06037 0.230699
2.08464 0.230699
2.11134 0.230699
2.14072 0.230699
2.17302 0.230699
2.20856 0.230699
2.24766 0.230699
2.29066 0.230699
2.33797 0.230699
2.39 0.230699
2.44724 0.230699
2.5102 0.230699
2.57946 0.230699
2.65564 0.230699
2.73944 0.230699
2.83163 0.230699
2.93303 0.230699
4.20859 0.230699
4.44769 0.230699
4.71069 0.230699
2.01824 0.278086
2.0383 0.278086
2.06037 0.278086
2.08464 0.278086
2.11134 0.278086
2.14072 0.278086
2.17302 0.278086
2.20856 0.278086
2.24766 0.278086
2.29066 0.278086
2.33797 0.278086
2.39 0.278086
2.44724 0.278086
2.5102 0.278086
2.57946 0.278086
2.65564 0.278086
2.73944 0.278086
2.83163 0.278086
2.93303 0.278086
4.20859 0.278086
4.44769 0.278086
4.71069 0.278086
2.01824 0.330212
2.0383 0.330212
2.06037 0.330212
2.08464 0.330212
2.11134 0.330212
2.14072 0.330212
2.17302 0.330212
2.20856 0.330212
2.24766 0.330212
2.29066 0.330212
2.33797 0.330212
2.39 0.330212
2.44724 0.330212
2.5102 0.330212
2.57946 0.330212
2.65564 0.330212
2.73944 0.330212
2.83163 0.330212
2.93303 0.330212
4.20859 0.330212
4.44769 0.330212
4.71069 0.330212
2.01824 0.38755
2.0383 0.38755
2.06037 0.38755
2.08464 0.38755
2.11134 0.38755
2.14072 0.38755
2.17302 0.38755
2.20856 0.38755
2.24766 0.38755
2.29066 0.38755
2.33797 0.38755
2.39 0.38755
2.44724 0.38755
2.5102 0.38755
2.57946 0.38755
2.65564 0.38755
2.73944 0.38755
2.83163 0.38755
2.93303 0.38755
4.20859 0.38755
4.44769 0.38755
4.71069 0.38755
2.01824 0.450622
2.0383 0.450622
2.06037 0.450622
2.08464 0.450622
2.11134 0.450622
2.14072 0.450622
2.17302 0.450622
2.20856 0.450622
2.24766 0.450622
2.29066 0.450622
2.33797 0.450622
2.39 0.450622
2.44724 0.450622
2.5102 0.450622
2.57946 0.450622
2.65564 0.450622
2.73944 0.450622
2.83163 0.450622
2.93303 0.450622
4.20859 0.450622
4.44769 0.450622
4.71069 0.450622
2.01824 0.520001
2.0383 0.520001
2.06037 0.520001
2.08464 0.520001
2.11134 0.520001
2.14072 0.520001
2.17302 0.520001
2.20856 0.520001
2.24766 0.520001
2.29066 0.520001
2.33797 0.520001
2.39 0.520001
2.44724 0.520001
2.5102 0.520001
2.57946 0.520001
2.65564 0.520001
2.73944 0.520001
2.83163 0.520001
2.93303 0.520001
4.20859 0.520001
4.44769 0.520001
4.71069 0.520001
2.01824 0.596319
2.0383 0.596319
2.06037 0.596319
2.08464 0.596319
2.11134 0.596319
2.14072 0.596319
2.17302 0.596319
2.20856 0.596319
2.24766 0.596319
2.29066 0.596319
2.33797 0.596319
2.39 0.596319
2.44724 0.596319
2.5102 0.596319
2.57946 0.596319
2.65564 0.596319
2.73944 0.596319
2.83163 0.596319
2.93303 0.596319
4.20859 0.596319
4.44769 0.596319
4.71069 0.596319
2.01824 0.680267
2.0383 0.680267
2.06037 0.680267
2.08464 0.680267
2.11134 0.680267
2.14072 0.680267
2.17302 0.680267
2.20856 0.680267
2.24766 0.680267
2.29066 0.680267
2.33797 0.680267
2.39 0.680267
2.44724 0.680267
2.5102 0.680267
2.57946 0.680267
2.65564 0.680267
2.73944 0.680267
2.83163 0.680267
2.93303 0.680267
4.20859 0.680267
4.44769 0.680267
4.71069 0.680267
2.01824 0.772611
2.0383 0.772611
2.06037 0.772611
2.08464 0.772611
2.11134 0.772611
2.14072 0.772611
2.17302 0.772611
2.20856 0.772611
2.24766 0.772611
2.29066 0.772611
2.33797 0.772611
2.39 0.772611
2.44724 0.772611
2.5102 0.772611
2.57946 0.772611
2.65564 0.772611
2.73944 0.772611
2.83163 0.772611
2.93303 0.772611
4.20859 0.772611
4.44769 0.772611
4.71069 0.772611
2.01824 0.874189
2.0383 0.874189
2.06037 0.874189
2.08464 0.874189
2.11134 0.874189
2.14072 0.874189
2.17302 0.874189
2.20856 0.874189
2.24766 0.874189
2.29066 0.874189
2.33797 0.874189
2.39 0.874189
2.44724 0.874189
2.5102 0.874189
2.57946 0.874189
2.65564 0.874189
2.73944 0.874189
2.83163 0.874189
2.93303 0.874189
4.20859 0.874189
4.44769 0.874189
4.71069 0.874189
2.01824 0.985925
2.0383 0.985925
2.06037 0.985925
2.08464 0.985925
2.11134 0.985925
2.14072 0.985925
2.17302 0.985925
2.20856 0.985925
2.24766 0.985925
2.29066 0.985925
2.33797 0.985925
2.39 0.985925
2.44724 0.985925
2.5102 0.985925
2.57946 0.985925
2.65564 0.985925
2.73944 0.985925
2.83163 0.985925
2.93303 0.985925
4.20859 0.985925
4.44769 0.985925
4.71069 0.985925
2.01824 1.10883
2.0383 1.10883
2.06037 1.10883
2.08464 1.10883
2.11134 1.10883
2.14072 1.10883
2.17302 1.10883
2.20856 1.10883
2.24766 1.10883
2.29066 1.10883
2.33797 1.10883
2.39 1.10883
2.44724 1.10883
2.5102 1.10883
2.57946 1.10883
2.65564 1.10883
2.73944 1.10883
2.83163 1.10883
2.93303 1.10883
4.20859 1.10883
4.44769 1.10883
4.71069 1.10883
2.01824 1.24404
2.0383 1.24404
2.06037 1.24404
2.08464 1.24404
2.11134 1.24404
2.14072 1.24404
2.17302 1.24404
2.20856 1.24404
2.24766 1.24404
2.29066 1.24404
2.33797 1.24404
2.39 1.24404
2.44724 1.24404
2.5102 1.24404
2.57946 1.24404
2.65564 1.24404
2.73944 1.24404
2.83163 1.24404
2.93303 1.24404
4.20859 1.24404
4.44769 1.24404
4.71069 1.24404
2.01824 1.39276
2.0383 1.39276
2.06037 1.39276
2.08464 1.39276
2.11134 1.39276
2.14072 1.39276
2.17302 1.39276
2.20856 1.39276
2.24766 1.39276
2.29066 1.39276
2.33797 1.39276
2.39 1.39276
2.44724 1.39276
2.5102 1.39276
2.57946 1.39276
2.65564 1.39276
2.73944 1.39276
2.83163 1.39276
2.93303 1.39276
4.20859 1.39276
4.44769 1.39276
4.71069 1.39276
2.01824 1.55635
2.0383 1.55635
2.06037 1.55635
2.08464 1.55635
2.11134 1.55635
2.14072 1.55635
2.17302 1.55635
2.20856 1.55635
2.24766 1.55635
2.29066 1.55635
2.33797 1.55635
2.39 1.55635
2.44724 1.55635
2.5102 1.55635
2.57946 1.55635
2.65564 1.55635
2.73944 1.55635
2.83163 1.55635
2.93303 1.55635
4.20859 1.55635
4.44769 1.55635
4.71069 1.55635
2.01824 1.7363
2.0383 1.7363
2.06037 1.7363
2.08464 1.7363
2.11134 1.7363
2.14072 1.7363
2.17302 1.7363
2.20856 1.7363
2.24766 1.7363
2.29066 1.7363
2.33797 1.7363
2.39 1.7363
2.44724 1.7363
2.5102 1.7363
2.57946 1.7363
2.65564 1.7363
2.73944 1.7363
2.83163 1.7363
2.93303 1.7363
4.20859 1.7363
4.44769 1.7363
4.71069 1.7363
2.01824 1.93425
2.0383 1.93425
2.06037 1.93425
2.08464 1.93425
2.11134 1.93425
2.14072 1.93425
2.17302 1.93425
2.20856 1.93425
2.24766 1.93425
2.29066 1.93425
2.33797 1.93425
2.39 1.93425
2.44724 1.93425
2.5102 1.93425
2.57946 1.93425
2.65564 1.93425
2.73944 1.93425
2.83163 1.93425
2.93303 1.93425
4.20859 1.93425
4.44769 1.93425
4.71069 1.93425
2.01824 2.15199
2.0383 2.15199
2.06037 2.15199
2.08464 2.15199
2.11134 2.15199
2.14072 2.15199
2.17302 2.15199
2.20856 2.15199
2.24766 2.15199
2.29066 2.15199
2.33797 2.15199
2.39 2.15199
2.44724 2.15199
2.5102 2.15199
2.57946 2.15199
2.65564 2.15199
2.73944 2.15199
2.83163 2.15199
2.93303 2.15199
4.20859 2.15199
4.44769 2.15199
4.71069 2.15199
2.01824 2.3915
2.0383 2.3915
2.06037 2.3915
2.08464 2.3915
2.11134 2.3915
2.14072 2.3915
2.17302 2.3915
2.20856 2.3915
2.24766 2.3915
2.29066 2.3915
2.33797 2.3915
2.39 2.3915
2.44724 2.3915
2.5102 2.3915
2.57946 2.3915
2.65564 2.3915
2.73944 2.3915
2.83163 2.3915
2.93303 2.3915
4.20859 2.3915
4.44769 2.3915
4.71069 2.3915
2.01824 2.65497
2.0383 2.65497
2.06037 2.65497
2.08464 2.65497
2.11134 2.65497
2.14072 2.65497
2.17302 2.65497
2.20856 2.65497
2.24766 2.65497
2.29066 2.65497
2.33797 2.65497
2.39 2.65497
2.44724 2.65497
2.5102 2.65497
2.57946 2.65497
2.65564 2.65497
2.73944 2.65497
2.83163 2.65497
2.93303 2.65497
4.20859 2.65497
4.44769 2.65497
4.71069 2.65497
2.01824 2.94479
2.0383 2.94479
2.06037 2.94479
2.08464 2.94479
2.11134 2.94479
2.14072 2.94479
2.17302 2.94479
2.20856 2.94479
2.24766 2.94479
2.29066 2.94479
2.33797 2.94479
2.39 2.94479
2.44724 2.94479
2.5102 2.94479
2.57946 2.94479
2.65564 2.94479
2.73944 2.94479
2.83163 2.94479
2.93303 2.94479
4.20859 2.94479
4.44769 2.94479
4.71069 2.94479
2.01824 3
2.0383 3
2.06037 3
2.08464 3
2.11134 3
2.14072 3
2.17302 3
2.20856 3
2.24766 3
2.29066 3
2.33797 3
2.39 3
2.44724 3
2.5102 3
2.57946 3
2.65564 3
2.73944 3
2.83163 3
2.93303 3
3 3
4 3
4.20859 3
4.44769 3
4.71069 3
2.01824 3.26358
2.0383 3.26358
2.06037 3.26358
2.08464 3.26358
2.11134 3.26358
2.14072 3.26358
2.17302 3.26358
2.20856 3.26358
2.24766 3.26358
2.29066 3.26358
2.33797 3.26358
2.39 3.26358
2.44724 3.26358
2.5102 3.26358
2.57946 3.26358
2.65564 3.26358
2.73944 3.26358
2.83163 3.26358
2.93303 3.26358
3 3.26358
3.04457 3.26358
3.16726 3.26358
3.30223 3.26358
3.45069 3.26358
3.61399 3.26358
3.79363 3.26358
3.99123 3.26358
4 3.26358
4.20859 3.26358
4.44769 3.26358
4.71069 3.26358
2.01824 3.61426
2.0383 3.61426
2.06037 3.61426
2.08464 3.61426
2.11134 3.61426
2.14072 3.61426
2.17302 3.61426
2.20856 3.61426
2.24766 3.61426
2.29066 3.61426
2.33797 3.61426
2.39 3.61426
2.44724 3.61426
2.5102 3.61426
2.57946 3.61426
2.65564 3.61426
2.73944 3.61426
2.83163 3.61426
2.93303 3.61426
3 3.61426
3.04457 3.61426
3.16726 3.61426
3.30223 3.61426
3.45069 3.61426
3.61399 3.61426
3.79363 3.61426
3.99123 3.61426
4 3.61426
4.20859 3.61426
4.44769 3.61426
4.71069 3.61426
